8734
4070
673
1660
8725
7907
4333
4984
24
760
6803
5367
9025
4656
9675
6407
8811
5048
1797
6453
9913
8851
8505
2695
2650
5698
4505
1305
8484
6964
7142
774
5364
7354
8899
8150
8848
3639
1230
8642
160
8983
7286
4776
891
3616
4649
7447
6648
4613
2400
1218
7706
4513
2243
1383
4071
368
832
7886
4789
8008
9740
1115
7707
4728
5224
1823
6420
4120
7268
9111
8988
1765
4722
7955
3165
4644
9436
2489
9308
3296
2623
7255
9048
3318
4186
6478
4467
3622
1808
8288
7528
978
7644
5340
3019
6575
9116
3352
2851
4952
1491
9905
3641
3278
9682
8271
1944
8245
6224
6846
5887
2836
6458
9063
9181
1633
4374
3260
1718
4427
9451
8452
1339
9858
3149
4752
2025
5204
243
7283
537
1717
4960
5272
1916
3270
4637
6043
4567
9478
6587
7640
1801
8141
7353
4328
5678
8219
4114
4357
5447
1552
5680
5011
2158
5061
1104
5743
8307
8294
297
7939
4734
8840
9866
62
8831
1776
8976
7602
3366
3468
84
9384
4824
7443
9454
3028
4345
3228
1571
1136
7416
8931
6548
5412
4821
4982
1191
2526
569
7692
8788
3572
8224
2572
8534
4490
6096
5779
113
1946
4409
4524
8868
3147
6749
3021
5745
4248
6877
5590
2481
4670
5374
2288
8383
5918
1421
6547
1982
2648
6739
530
3796
1866
838
1070
6454
8228
8648
5121
53
828
7307
1225
3133
1475
3603
8548
6389
448
9343
6543
2463
3093
8716
2660
1879
9935
407
5981
8613
1791
5440
2466
8021
4044
5282
4801
4146
809
9302
3752
9367
8487
2039
2957
3199
4081
2864
2796
5099
1391
3807
2330
2755
162
1870
7703
8817
7936
6499
8103
6290
4639
771
6536
7542
2035
2669
2472
3390
553
3756
8038
7223
4859
1408
9319
7505
7590
2201
8031
234
4051
7057
1459
7364
1868
5019
8346
1692
8292
6772
3001
7698
9437
4964
3963
2727
2743
3524
224
8834
6754
7474
2494
665
2165
240
9724
889
7101
2698
6535
7312
9994
3361
9049
2519
9513
7714
4432
695
3410
6071
5351
6810
8207
8746
226
8904
721
476
5031
8617
6563
6737
8658
8124
3851
4486
1659
4685
5485
8340
5510
6956
5216
4778
4566
1148
4053
9392
7782
1426
6065
9182
421
1213
6117
4863
1392
1094
4019
6566
4253
4845
9808
2734
5890
9573
8379
2137
9595
6770
7949
7834
3629
9188
4247
8470
778
4522
2313
6271
3631
5816
8396
2772
4078
8763
8928
5561
5989
3778
7387
5804
9134
2749
1788
5355
5079
3428
68
3186
4376
1804
430
7786
2314
5624
6086
3340
8218
8120
1867
2581
2377
581
8520
3211
678
2444
4632
6998
1811
3922
9992
525
610
3231
4609
1419
7910
9387
4049
2971
5261
1076
9714
1507
4274
5025
1599
6119
9957
5501
9274
4332
5065
2644
478
5322
8380
4928
2420
9677
8627
3175
2175
6631
2099
1241
9480
8925
4899
829
496
8327
5266
8913
172
5782
2785
1377
723
